  989.0    287   -7.5   -9.3     87   1.92    275      3  266.5  271.8  266.8
  975.0    398   -8.7  -10.9     84   1.72    282      6  266.4  271.1  266.6
  948.6    610  -10.7  -11.7     92   1.65    295     13  266.5  271.1  266.7
  943.0    656  -11.1  -11.9     94   1.64    295     13  266.5  271.1  266.8
  934.0    729  -10.9  -14.2     77   1.37    295     13  267.4  271.3  267.6
  926.0    796  -10.7  -14.3     75   1.37    295     13  268.3  272.2  268.5
  925.0    804  -10.7  -14.3     75   1.37    295     13  268.4  272.3  268.6
  911.8    914  -11.5  -15.1     75   1.31    295     15  268.7  272.4  268.9
  882.0   1168  -13.3  -16.8     75   1.17    295     15  269.3  272.7  269.5
  876.1   1219  -13.5  -18.5     66   1.02    295     15  269.6  272.6  269.8
  872.0   1255  -13.7  -19.7     61   0.93    294     15  269.8  272.5  270.0
  857.0   1386  -14.7  -21.7     55   0.79    291     16  270.1  272.4  270.2
  850.0   1448  -15.3  -22.3     55   0.76    290     16  270.1  272.4  270.2
  807.9   1829  -18.1  -25.1     54   0.62    275     18  271.1  273.0  271.2
  784.0   2054  -19.7  -26.7     54   0.55    271     19  271.7  273.4  271.8
  775.5   2134  -20.2  -27.0     55   0.54    270     20  272.0  273.7  272.1
  748.0   2401  -21.9  -27.9     58   0.52    274     19  273.0  274.6  273.1
  744.3   2438  -22.0  -30.4     47   0.41    275     19  273.3  274.6  273.3
  731.0   2571  -22.3  -39.3     20   0.17    277     24  274.3  274.9  274.4
  714.0   2743  -23.2  -37.9     25   0.21    280     31  275.2  275.9  275.2
  709.0   2795  -23.5  -37.5     26   0.22    280     33  275.4  276.1  275.5
  700.0   2888  -24.3  -36.3     32   0.25    280     38  275.6  276.4  275.6
  693.0   2961  -24.7  -35.7     35   0.26    280     39  275.9  276.8  275.9
  684.8   3048  -25.3  -36.5     34   0.25    280     40  276.2  277.0  276.2
  662.0   3293  -26.9  -38.9     31   0.20    280     38  277.1  277.7  277.1
  650.0   3425  -27.9  -37.9     38   0.23    280     38  277.4  278.1  277.4
  629.1   3658  -29.8  -43.3     26   0.13    280     36  277.8  278.2  277.8
  626.0   3694  -30.1  -44.1     24   0.12    279     36  277.9  278.3  277.9
  611.0   3866  -31.3  -45.3     24   0.11    272     36  278.4  278.8  278.4
  577.2   4267  -33.0  -51.1     15   0.06    255     35  281.0  281.2  281.0
  555.0   4544  -34.1  -55.1     10   0.04    257     34  282.8  283.0  282.9
  529.0   4877  -35.5  -54.6     12   0.04    260     32  285.1  285.2  285.1
  506.4   5182  -36.7  -54.2     15   0.05    260     31  287.1  287.3  287.2
  500.0   5270  -37.1  -54.1     15   0.05    260     34  287.8  287.9  287.8
  499.0   5284  -37.3  -54.3     15   0.05    260     34  287.7  287.9  287.7
  479.0   5565  -39.5  -52.5     24   0.06    256     34  288.3  288.6  288.4
  452.0   5960  -41.7  -57.7     16   0.03    252     33  290.4  290.5  290.4
  443.0   6096  -42.7  -57.5     18   0.04    250     33  290.9  291.0  290.9
  430.0   6297  -44.1  -57.1     22   0.04    243     35  291.5  291.7  291.5
  404.5   6706  -46.0  -60.7     17   0.03    230     40  294.2  294.4  294.2
  400.0   6780  -46.3  -61.3     17   0.02    235     40  294.7  294.8  294.7
  391.0   6931  -46.9  -62.9     14   0.02    235     39  295.9  296.0  295.9
  357.0   7531  -47.9  -66.9      9   0.01    244     41  302.3  302.4  302.3
  352.2   7620  -47.7  -67.9      8   0.01    245     41  303.8  303.8  303.8
  318.0   8294  -46.3  -75.3      2   0.00    248     41  314.7  314.7  314.7
  310.0   8463  -46.7  -76.7      2   0.00    249     41  316.4  316.5  316.4
  300.0   8680  -46.7  -79.7      1   0.00    250     41  319.4  319.4  319.4
  279.7   9144  -46.3  -80.1      1   0.00    250     43  326.5  326.5  326.5
  255.2   9754  -45.7  -80.7      1   0.00    255     39  336.0  336.0  336.0
  254.0   9785  -45.7  -80.7      1   0.00    255     39  336.5  336.5  336.5
  250.0   9890  -46.3  -81.3      1   0.00    255     40  337.1  337.1  337.1
  240.0  10162  -47.5  -82.5      1   0.00    249     49  339.2  339.3  339.2
  232.8  10363  -47.7  -82.7      1   0.00    245     56  341.9  341.9  341.9
  224.0  10619  -47.9  -82.9      1   0.00    249     55  345.4  345.4  345.4
  202.0  11304  -47.5  -82.5      1   0.00    259     53  356.4  356.4  356.4
  200.0  11370  -47.1  -82.1      1   0.00    260     53  358.0  358.0  358.0
  193.0  11606  -46.5  -81.5      1   0.00    262     50  362.6  362.7  362.6
  187.0  11814  -47.3  -82.3      1   0.00    264     48  364.6  364.6  364.6
  185.0  11887  -46.8  -81.8      1   0.00    265     47  366.5  366.5  366.5
  180.0  12067  -45.7  -80.7      1   0.00    264     45  371.2  371.3  371.2
  163.0  12724  -47.7  -82.7      1   0.00    262     37  378.6  378.6  378.6
  159.0  12887  -47.5  -82.5      1   0.00    261     35  381.6  381.6  381.6
  153.8  13106  -48.5  -83.0      1   0.00    260     32  383.5  383.5  383.5
  150.0  13270  -49.3  -83.3      1   0.00    245     36  384.9  384.9  384.9
  146.8  13411  -50.2  -84.0      1   0.00    245     40  385.7  385.7  385.7
  135.0  13953  -53.9  -86.9      1   0.00    250     55  388.5  388.5  388.5
  133.6  14021  -53.6  -86.6      1   0.00    250     56  390.2  390.2  390.2
  131.0  14146  -53.1  -86.1      1   0.00    256     55  393.3  393.3  393.3
  128.0  14295  -53.5  -86.5      1   0.00    264     53  395.2  395.2  395.2
  125.0  14448  -51.9  -84.9      1   0.00    271     52  400.8  400.8  400.8
  121.5  14630  -52.1  -85.1      1   0.00    280     50  403.7  403.7  403.7
  121.0  14659  -52.1  -85.1      1   0.00    280     49  404.2  404.2  404.2
  119.0  14767  -50.9  -84.9      1   0.00    278     44  408.3  408.3  408.3
  116.0  14935  -50.8  -84.8      1   0.00    275     37  411.6  411.6  411.6
  114.0  15046  -50.7  -84.7      1   0.00    270     38  413.7  413.7  413.7
  110.6  15240  -51.9  -85.6      1   0.00    260     40  414.9  415.0  414.9
  105.0  15577  -54.1  -87.1      1   0.00    263     45  417.1  417.1  417.1
  100.0  15890  -53.5  -86.5      1   0.00    265     50  424.1  424.1  424.1
   87.6  16743  -53.3  -86.3      1   0.00    265     29  440.8  440.9  440.8
   87.3  16764  -53.5  -86.4      1   0.00    265     28  440.9  441.0  440.9
   79.3  17374  -57.8  -89.2      1   0.00    255     33  444.2  444.2  444.2
   77.4  17531  -58.9  -89.9      1   0.00    255     41  445.1  445.1  445.1
   75.6  17678  -57.8  -89.2      1   0.00    265     49  450.4  450.4  450.4
   72.1  17983  -55.4  -87.8      1   0.00    280     42  461.7  461.7  461.7
   70.0  18170  -53.9  -86.9      1   0.00    270     37  468.7  468.7  468.7
   68.7  18288  -53.2  -86.2      1   0.00    250     32  472.6  472.6  472.6
   67.7  18385  -52.7  -85.7      1   0.00    252     33  475.8  475.8  475.8
   59.4  19221  -57.1  -89.1      1   0.00    265     40  484.1  484.1  484.1
   56.8  19507  -57.1  -89.2      1   0.00    270     43  490.2  490.3  490.2
   54.1  19812  -57.2  -89.2      1   0.00    275     28  496.9  496.9  496.9
   51.5  20117  -57.3  -89.3      1   0.00    280     34  503.7  503.7  503.7
   50.0  20310  -57.3  -89.3      1   0.00    280     33  508.0  508.0  508.0
   49.8  20335  -57.3  -89.3      1   0.00    276     32  508.6  508.6  508.6
   49.1  20422  -57.7  -89.6      1   0.00    260     30  509.7  509.8  509.7
   44.6  21031  -60.3  -91.4      1   0.00    255     44  517.8  517.8  517.8
   43.5  21183  -60.9  -91.9      1   0.00    255     44  519.8  519.8  519.8
   42.4  21336  -60.7  -91.7      1   0.00    255     44  523.9  523.9  523.9
   38.5  21946  -60.1  -91.1      1   0.00    285     49  540.3  540.3  540.3
   34.9  22555  -59.5  -90.5      1   0.00    300     37  557.2  557.2  557.2
   32.8  22944  -59.1  -90.1      1   0.00    268     24  568.3  568.3  568.3
   31.7  23165  -60.1  -90.7      1   0.00    250     17  571.3  571.3  571.3
   30.1  23470  -61.6  -91.6      1   0.00    240     20  575.5  575.5  575.5
   30.0  23500  -61.7  -91.7      1   0.00    240     24  575.9  575.9  575.9
   29.2  23667  -61.9  -91.9      1   0.00    252     28  579.8  579.8  579.8
   28.7  23774  -61.5  -91.7      1   0.00    260     30  583.9  583.9  583.9
   26.8  24200  -59.7  -90.7      1   0.00    253     33  600.3  600.4  600.4
   26.0  24384  -60.1  -91.0      1   0.00    250     34  604.3  604.3  604.3
   22.4  25298  -62.2  -92.5      1   0.00    285     43  624.2  624.3  624.2
   21.4  25603  -62.9  -93.0      1   0.00    265     30  631.0  631.1  631.0
   20.7  25798  -63.3  -93.3      1   0.00    270     30  635.4  635.5  635.4
   20.0  26010  -62.3  -92.3      1   0.00    275     31  644.8  644.8  644.8
   18.6  26459  -61.9  -91.9      1   0.00    273     28  659.5  659.6  659.5
   18.0  26664  -60.1  -91.1      1   0.01    272     27  671.4  671.5  671.4
   16.7  27127  -61.4  -92.0      1   0.00    270     24  681.6  681.6  681.6
   15.9  27432  -62.3  -92.6      1   0.00    260     28  688.4  688.4  688.4
   15.2  27713  -63.1  -93.1      1   0.00    255     29  694.7  694.8  694.7
   15.1  27737  -63.1  -93.1      1   0.00    255     29  695.5  695.5  695.5
   13.7  28346  -62.9  -92.9      1   0.01    265     48  716.2  716.2  716.2
   13.1  28651  -62.8  -92.8      1   0.01    285     38  726.8  726.8  726.8
   12.8  28774  -62.7  -92.7      1   0.01    281     38  731.0  731.1  731.0
   12.1  29124  -59.1  -90.1      1   0.01    269     37  755.6  755.7  755.6
   11.8  29261  -59.1  -90.2      1   0.01    265     37  760.2  760.3  760.2
   10.1  30258  -59.5  -90.5      1   0.01    274     42  794.1  794.3  794.1
   10.0  30320  -59.3  -90.3      1   0.01    275     42  797.1  797.3  797.1
    9.8  30480  -58.5  -89.8      1   0.01    280     42  805.8  805.9  805.8
    9.3  30785  -57.1  -88.9      1   0.02    275     48  822.5  822.7  822.5
    9.1  30914  -56.5  -88.5      1   0.02                829.6  829.9  829.6